##start custom blueprint
#id
[[98,98,173,44],[109,145,109,44],[98,98,42,44],[109,0,109,44],[98,98,41,44],[109,0,109,44],[98,98,173,44],[109,0,109,44],[98,130,96,89],[0,0,68,0]]
#data
[[0,0,0,5],[2,3,6,5],[0,0,0,5],[1,0,5,5],[0,0,0,5],[3,0,7,5],[0,0,0,5],[0,0,4,5],[0,4,2,0],[0,0,4,0]]
##start custom stain
#id
[[95,95,95,95],[95,95,95,95],[95,95,95,95],[95,0,95,95],[95,95,95,95],[95,0,95,95],[95,95,95,95],[95,0,95,95],[95,95,96,95],[0,0,68,0]]
#data
[[8,8,15,8],[8,7,8,8],[8,8,7,8],[8,0,8,8],[8,8,1,8],[8,0,8,8],[8,8,15,8],[8,0,8,8],[8,13,2,4],[0,0,4,0]]
##start custom glass
#id
[[20,20,20,20],[20,20,20,20],[20,20,20,20],[20,0,20,20],[20,20,20,20],[20,0,20,20],[20,20,20,20],[20,0,20,20],[20,20,96,20],[0,0,68,0]]
#data
[[0,0,0,0],[0,0,0,0],[0,0,0,0],[0,0,0,0],[0,0,0,0],[0,0,0,0],[0,0,0,0],[0,0,0,0],[0,0,2,0],[0,0,4,0]]
##sign text - first line is player's name
#second line
ALL THE
#third line
ESSENTIALS
#is the preset asymmetrical? for example are some of the corners different to others
true